0.95166 0.925781 0.227417 0.204224 0.60791 0.496094 0.724121 0.896973 0.883301 0.144043 0.51709 0.803711 0.773438 0.84375 0.0258026 0.133301 
0.573242 0.49585 0.342773 0.868164 0.725098 0.516113 0.131958 0.614258 0.668457 0.352295 0.785645 0.51123 0.341797 0.239746 0.272217 0.231323 
0.75293 0.0740356 0.682129 0.335693 0.221436 0.646973 0.889648 0.0276031 0.737793 0.179688 0.419678 0.668457 0.600098 0.134766 0.554199 0.0523376 
0.303223 0.712402 0.496826 0.712402 0.0249481 0.206177 0.276367 0.712891 0.70459 0.768066 0.970703 0.507324 0.085083 0.119995 0.185913 0.105835 
0.277832 0.272949 0.753906 0.140137 0.339111 0.556641 0.131836 0.69043 0.180054 0.151733 0.480469 0.259766 0.266602 0.072937 0.44165 0.00709534 
0.236206 0.617676 0.106873 0.449463 0.545898 0.0671387 0.644531 0.480713 0.928223 0.734375 0.45459 0.833008 0.763184 0.300537 0.736816 0.551758 
0.875977 0.387207 0.641113 0.0562439 0.638672 0.625977 0.950195 0.789062 0.536133 0.517578 0.93457 0.377686 0.281006 0.722656 0.597168 0.657227 
0.315186 0.317627 0.747559 0.431396 0.198364 0.365479 0.886719 0.504395 0.15686 0.777832 0.750488 0.146362 0.376953 0.218018 0.87207 0.0351868 
0.689453 0.995117 0.520996 0.13855 0.871582 0.855469 0.283936 0.276367 0.690918 0.654785 0.618652 0.342041 0.295166 0.589355 0.464355 0.937988 
0.833496 0.539551 0.525879 0.665527 0.155029 0.387939 0.767578 0.892578 0.204712 0.112183 0.223145 0.220459 0.847168 0.251709 0.747559 0.838867 
0.384277 0.594238 0.517578 0.973633 0.989258 0.617188 0.967773 0.974609 0.285156 0.668457 0.726562 0.474365 0.873047 0.519531 0.0137253 0.498779 
0.850098 0.901367 0.495605 0.596191 0.435791 0.128296 0.0321655 0.310547 0.781738 0.0323792 0.615723 0.213501 0.851074 0.0112305 0.181763 0.194824 
0.976074 0.729492 0.4021 0.23584 0.568359 0.509277 0.993652 0.440918 0.820801 0.331543 0.000757217 0.478271 0.658203 0.0717773 0.966309 0.0466919 
0.666016 0.417969 0.0888672 0.849121 0.019455 0.510254 0.752441 0.793457 0.430176 0.535645 0.442871 0.334473 0.434814 0.936035 0.931152 0.196167 
0.691406 0.949219 0.444092 0.403809 0.53125 0.373779 0.295654 0.208374 0.295898 0.740234 0.648438 0.454102 0.435303 0.794922 0.914062 0.259766 
0.405518 0.581543 0.527344 0.973633 0.509277 0.611328 0.00971222 0.574219 0.0105438 0.401855 0.0490417 0.298096 0.736816 0.623535 0.469971 0.0651855 
